6.110
5.527
8.518
7.003
5.859
8.382
7.476
8.578
6.486
5.054
5.710
14.16
5.734
8.408
5.640
5.379
6.365
5.130
6.429
7.070
6.189
20.27
5.490
6.326
5.564
18.94
12.82
10.95
13.17
22.20
5.252
6.589
9.248
5.891
8.211
7.933
8.095
5.606
12.83
6.353
5.406
6.882
11.70
5.773
7.824
7.093
5.070
5.801
11.70
5.541
7.540
5.307
7.423
7.603
6.332
6.358
6.274
5.639
9.310
9.453
8.825
5.179
21.27
14.90
18.95
7.218
8.295
10.23
5.499
20.34
10.13
7.334
6.006
7.225
5.026
6.547
7.538
5.036
10.27
5.107
5.729
5.188
6.355
9.768
6.515
8.517
9.180
6.002
5.520
5.059
5.707
7.636
5.870
5.305
8.293
13.39
5.436
